23 1 234
26 1 134
29 1 44
32 1 54
35 1 64
38 1 53
23 2 334
26 2 234
29 2 34
32 2 64
35 2 64
38 2 53
23 3 134
26 3 434
29 3 14
32 3 34
35 3 64
38 3 53
23 4 34
26 4 534
29 4 64
32 4 94
35 4 64
38 4 53
23 5 234
26 5 134
29 5 44
32 5 54
35 5 64
38 5 53
23 6 334
26 6 234
29 6 34
32 6 64
35 6 64
38 6 53
23 7 134
26 7 434
29 7 14
32 7 34
35 7 64
38 7 53
23 8 34
26 8 534
29 8 64
32 8 94
35 8 64
38 8 53
23 9 234
26 9 134
29 9 44
32 9 54
35 9 64
38 9 53
23 10 334
26 10 234
29 10 34
32 10 64
35 10 64
38 10 53
23 11 134
26 11 434
29 11 14
32 11 34
35 11 64
38 11 53
23 12 34
26 12 534
29 12 64
32 12 94
35 12 64
38 12 53